-5.224129940963531
-4.135894815965477
-4.141357786913585
-3.7705899985382
-3.452386469314887
-3.419237417466911
-2.6875258563190765
-2.7274136860605456
-1.8146569051028554
-1.771824288636025
-1.1278147071429914
-0.8976411357387382
-0.4443976659919405
-0.4413772091200602
0.2818318564774577
0.6471696747246813
0.5123822447887143
0.5107744667455859
0.8092096558249695
1.6453503873390374
2.3502464337644815
2.215597588665594
2.828434574598046
3.2158621798908205
3.7315752092285366
4.154307812769795
4.116035880955253
4.316290772034941
5.254557892772296
5.070118603133634