25.13472415869639
22.14342242780533
18.61020619083218
15.521782037809391
13.63675850763552
11.143861233715086
8.769035288360353
7.201697236697011
5.261024328993288
3.7822848729191727
2.1294523056745662
1.787552692050798
1.1632165116397832
0.4169549835778594
0.4531594661210965
0.4184692159270115
-0.007041356467433868
0.669779147724974
2.0430513941678785
2.9342459488719292
3.814176006715525
5.170197669884027
6.681526955353353
9.16882409646651
10.582803105076197
13.06556628996276
16.179165512196718
18.220295563171142
22.174941724065054
25.569064719415373